0.55331844 0.57258403 0.58771 0.5564381 0.35730654 0.40907484 0.47560596 0.49643034 0.6601492 0.5100366
0.57230836 0.56608456 0.58439076 0.5852626 0.34313142 0.39827517 0.45400828 0.5072746 0.6482585 0.53012305
0.5745262 0.5722212 0.5871144 0.5779437 0.34570736 0.40849882 0.45476526 0.5108035 0.64717364 0.51735044
0.5419562 0.5692125 0.57931554 0.55760974 0.35103354 0.4089643 0.48263 0.48994604 0.66386545 0.5168134
0.5434475 0.55177283 0.5995014 0.53065604 0.37677154 0.39951882 0.4820047 0.45161954 0.63675755 0.4916527
0.5466813 0.55076724 0.60595524 0.5314526 0.36861664 0.39195782 0.48649782 0.45415044 0.64073753 0.48696083
0.5258091 0.5475545 0.5936947 0.5229034 0.36619574 0.39465785 0.4997014 0.4419646 0.6532604 0.48146498
0.56746906 0.55084205 0.6094775 0.5468598 0.37755144 0.38353443 0.46952462 0.4540388 0.6257283 0.48659244
0.53926176 0.5553571 0.57444215 0.55892277 0.36644906 0.39567685 0.48326653 0.46089345 0.6473036 0.51991844
0.53579164 0.5590018 0.5763085 0.54714924 0.36253586 0.39172962 0.48639756 0.45222723 0.6564647 0.48860905
0.5632515 0.55452526 0.5918199 0.5742778 0.354353 0.40332964 0.47005135 0.4882062 0.6340641 0.5300655
0.5407332 0.5688743 0.5922556 0.53994507 0.3755151 0.4032302 0.4936194 0.47611445 0.6591506 0.5097739
